52 14 93 69 47 30 84 60 87 6 42 51 13 83 16 49 54 69 7 17 8 32 37 69 88 80 93
59 27 25 86 51 19 80 83 60 72 50 18 27 84 68 37 14 72 69 66 69 55 33 93 77 80 87
72 13 25 19 54 4 4 43 57 54 7 45 56 41 80 58 60 83 13 57 96 33 1 56 47 77 15
70 74 72 9 33 11 60 99 51 94 69 23 49 65 17 19 57 18 60 57 7 22 20 21 43 53 28
91 86 38 87 69 56 15 56 86 49 3 94 84 88 22 46 10 59 13 23 78 49 99 62 5 53 41
48 66 47 92 73 82 38 44 100 72 40 46 52 75 62 48 93 70 56 4 24 60 88 74 49 18 11
47 63 21 45 92 95 34 57 62 93 84 44 11 1 77 96 68 33 95 11 95 78 23 97 43 94 49
56 68 41 45 7 45 42 94 56 66 70 61 28 49 82 38 62 36 48 69 44 63 97 50 91 54 69
19 9 55 19 5 77 15 35 5 66 64 27 3 2 73 85 28 74 62 19 79 22 48 61 24 53 29
17 19 5 35 69 6 67 73 72 92 63 53 10 96 21 12 35 90 66 35 72 75 24 61 27 77 26
46 30 4 29 26 46 48 48 100 70 1 88 73 87 64 65 47 20 61 60 93 37 87 25 49 59 89
59 65 62 43 78 65 72 90 70 77 24 46 30 52 35 74 53 46 10 90 3 40 4 11 93 30 56
97 66 19 80 8 92 91 52 71 94 91 69 58 35 31 22 28 83 48 24 32 3 74 93 96 2 60
84 38 29 36 41 89 85 83 89 49 82 32 50 38 10 8 50 9 98 38 13 18 14 86 54 28 92
20 30 5 3 85 11 49 6 75 80 12 50 44 27 87 35 4 45 7 40 93 76 37 76 82 93 48
83 24 51 17 23 18 91 56 12 39 39 39 20 66 19 41 75 11 69 56 35 48 38 43 44 99 94
18 21 88 18 97 61 90 16 42 63 4 94 49 9 85 73 24 75 91 61 17 90 66 49 73 43 58
81 88 100 41 3 67 58 16 55 42 75 43 74 37 66 26 33 13 27 45 26 53 12 89 12 100 97
25 61 21 27 24 74 99 75 40 49 10 50 47 6 40 99 36 5 86 57 31 18 40 38 74 50 29
94 11 72 67 35 80 97 62 99 7 42 81 85 23 29 15 72 68 68 48 24 95 98 92 49 12 42
99 52 7 53 77 52 26 65 21 57 78 84 92 65 70 12 57 85 71 53 40 12 40 35 86 47 76
66 43 98 20 75 94 29 6 91 8 7 42 22 88 7 55 9 62 10 62 50 35 100 71 61 59 47
1 4 1 38 38 65 50 80 75 67 73 37 45 93 1 23 15 79 84 80 38 1 39 48 20 78 70
74 78 1 77 62 99 24 32 64 22 86 54 78 17 67 71 6 39 13 89 63 3 52 57 22 16 15
71 48 40 67 97 35 56 57 57 95 47 90 83 52 7 62 82 89 31 45 83 12 7 16 18 71 37
50 22 98 67 12 90 100 21 4 28 87 17 32 15 42 35 97 55 97 82 3 35 26 30 66 88 96
