-6 -10 3 5 -1 10 7 0 -1 6 -5 10 5 -3 7 -146
7 10 6 -7 6 6 8 -3 8 -9 1 -3 -8 -9 -5 197
-7 1 9 -5 9 -1 -1 -9 6 -6 5 4 -3 9 -1 290
10 0 -4 -4 3 10 -9 10 -6 4 10 -5 10 -10 -3 -79
8 -4 -7 8 -4 -2 10 -2 8 -7 -4 5 -9 -5 -9 -145
7 7 -4 -10 -4 10 -2 -8 -8 -5 9 1 -2 1 -7 329
6 8 -5 1 -5 10 -2 -6 -4 -6 1 2 -8 -5 -2 158
6 -9 -3 -3 0 6 -7 -10 6 7 -1 -2 10 7 -3 -43
-9 -3 -6 3 5 10 5 -6 -1 -7 0 0 -2 -5 10 -111
-6 2 -3 8 7 8 1 -1 -1 -1 7 -6 5 -6 -6 -64
-9 -8 -4 7 -7 10 -7 -8 9 10 3 9 -5 -4 5 -25
10 -7 -10 -6 -2 10 -4 10 -6 3 3 -9 2 3 5 -138
-3 -8 2 4 -10 8 0 -1 6 -3 8 -6 2 0 -1 -129
-1 9 3 1 -2 -10 -8 -4 -5 3 4 -8 3 6 4 130
1 -9 -6 3 10 -7 -7 -9 -4 5 -1 -7 -4 -5 9 -107
