-10 -1 -4 -4 -3 -8 4 -9 -2 -4 -9 3 1 -9 5 67
-3 -2 -10 -3 -8 7 -5 -1 -1 0 3 4 2 4 -6 72
4 8 -7 -4 9 -5 -4 0 -3 6 -2 5 5 -6 7 111
-8 0 -8 -9 -7 -1 6 -7 -1 -2 -9 -8 6 7 6 94
-5 7 -3 7 -5 -8 0 0 0 -1 -8 1 1 -1 -6 -33
2 -6 9 9 0 -1 1 -5 -7 4 0 5 4 7 -2 -328
-1 1 -3 -7 -4 7 -5 8 7 4 4 5 10 2 -7 150
3 6 2 7 2 -10 -9 5 -5 10 2 -1 -8 6 8 68
-7 4 -5 -9 2 -6 -4 5 -8 4 0 9 -7 10 -9 15
2 5 8 9 -8 -4 -10 6 -2 -4 -2 -2 -1 1 6 51
-6 5 -3 -8 5 0 6 1 -4 6 1 -2 1 -8 -3 93
-4 -1 5 0 7 -8 -1 -4 10 5 1 9 2 -9 -2 53
-9 0 7 -9 8 0 -4 2 3 -5 -10 5 7 -5 -9 -28
-9 0 10 -1 5 -4 -2 -6 5 1 3 -10 1 -7 -7 84
5 -9 1 3 -7 -6 -1 -5 5 -8 6 2 10 5 -6 -83
