71 52 84 92 54 40 31 29 19 11 30 88 95 7 75 30 94 93 53 25 20
35 98 98 59 40 16 87 76 13 99 98 53 9 73 90 60 85 90 83 53 60
14 35 16 51 19 73 42 48 80 46 14 52 41 24 93 72 73 38 100 45 96
69 38 28 88 67 11 72 87 27 56 98 67 5 57 42 12 56 69 30 56 46
71 52 33 8 26 100 49 67 63 86 87 79 92 5 64 25 58 94 36 98 31
23 65 50 99 94 100 90 69 71 69 32 2 100 34 48 77 30 35 41 90 76
25 84 93 92 68 23 67 49 55 56 2 85 94 51 68 85 4 5 20 77 40
76 4 21 24 15 73 56 49 56 23 41 10 28 50 38 30 2 30 16 56 74
4 63 46 42 19 65 21 4 30 77 79 65 78 87 5 78 30 75 22 64 87
18 60 56 42 34 71 27 80 71 47 27 9 37 48 98 92 13 83 88 63 49
48 52 2 10 40 64 18 83 74 75 16 78 27 61 80 79 31 12 60 16 63
62 19 28 62 57 54 89 95 73 58 28 84 30 52 35 84 61 8 14 6 60
22 32 89 61 14 2 67 87 2 100 99 5 72 40 90 11 100 1 23 35 86
60 59 68 18 90 35 28 37 69 25 41 78 39 48 62 12 70 31 16 59 41
23 87 91 76 13 58 85 93 77 88 33 25 39 83 90 77 85 16 2 41 42
58 91 8 65 32 69 42 42 56 67 21 35 77 17 44 79 22 64 55 42 99
39 49 6 28 90 9 68 12 19 81 15 77 51 22 22 64 63 21 88 77 23
3 56 89 94 49 32 80 39 88 37 24 44 81 9 73 84 10 36 63 67 31
98 91 15 33 91 5 39 51 16 72 55 32 99 10 95 9 50 96 49 63 96
44 56 70 41 49 23 53 77 15 61 50 15 64 19 99 85 28 92 61 36 22
